$ANSIBLE_VAULT;1.1;AES256
66303161316662366536346261306530303466303763373339633235616634613936363762356633
3834333237616436613865643062653865366434663930300a383733616639616230386264323135
33623664666661626333346264666633326363333039306534616338343030393830646432313366
3731386630653535310a303938303336323432313337376666666662636265346137633666643465
37316662646638303162363434653461386463626262376365393065636664663966643235646164
66633666666638613939366134323130366633313736376134613462653532626563623732623564
61333837656563363161373536346630336563356661616235366434333366326266366538653465
65366631336662303530623735346462306663306665316434633963333837316135636461373939
34346563636463646363383737366436613538653732623137636262326262343435646330303538
64653631313365633139633930383131646439636133333161303036343864356137353565623763
65323564636162353361313361353063653966393832366632303062616532316430356365626135
32306233313536316534363230663532653635646466653233313932383761333962323037376165
32376534326334356461393333616165353264336637343330313461643939636231383964636439
39323039373630623065663766336437363439383335623234613161333939313434626564353535
32386336373939306330646362643533396239623034343262613866666638643833376266353230
39356632323630303030323638333036383461636264303966343131626633623464356666386434
63633437353465303362383634336566313566633961363763353637663362626133656563636366
33363734373339653437616331333235393430386530373439313866303332326137386562323337
39656530323932343065653166306463393965616338373862373130373537343539336339623631
32613161323636393338623434393338326331333134656462373934646439316165303430386133
66323665363564653837383333346261396533386439383536323733633637663332303765343735
34356630613733613966653031343062343230643262303031646534323733636631353836643730
34373563663265333666336233363261346431303866653062653865323263626361366466353866
37643834383731636463623934353132313665333231623633646230366433623237326361653637
65376164643737313630323062303961333136376631373932353333653036313866666464663366
62653534336364366536633939353464623134636534633733343365613361326437316234386537
34633763383732633736656432356665653261623664383234653637323265626130343531666234
35643161613133643133
